Summary Report

Model Structure
| Input: 1x32x32
| | Convolution0==Kernel3x3==Line==1x32x32==2x32x32
| | | Convolution1==Kernel3x3==Shape==2x32x32==2x32x32
| | | | Convolution2==Kernel3x3==Surface0==2x32x32==1x32x32
| | | | | Convolution3==Kernel3x3==Surface1==1x32x32==1x32x32
| | | | | | Recurrent==Reconstruction==1024==1024
| | | | | | Out==Depth==MoveUp1

Functions
| Loss: MSE
| Activation: tanh
| Optimizer: Stochastic Gradient Descent

Parameters
| Epoch-15 Learning Rate-0.005 Momentum-0.9

Final Result
| Train Error: 0.0594060999110809
| Test Error: 0.09758511483026973

Weight
Convolution0==Line
[[[[-0.92823016  2.15729515 -0.95725702]
   [-0.95633037  2.14095476 -0.98312961]
   [-1.00286463  2.0964933  -1.01221891]]]


 [[[-1.01356488 -1.01148945 -1.02573535]
   [ 1.95775601  1.96352311  1.95306126]
   [-1.09552527 -1.09520951 -1.09656837]]]]
Convolution1==Shape
[[[[-0.52949889  1.03035914  0.54197784]
   [-0.53136359  1.03640107  0.54474285]
   [-0.55980529  0.99564224  0.51106786]]

  [[-0.56738187 -0.56165911 -0.52657669]
   [ 1.04815057  1.05927463  1.08977441]
   [ 0.42899849  0.43607894  0.46922192]]]


 [[[ 0.5183958   1.00646048 -0.52754009]
   [ 0.528988    1.01435957 -0.52478088]
   [ 0.52738675  1.00626623 -0.52718288]]

  [[ 0.48180228  0.48256083  0.48360254]
   [ 1.00655401  1.00986413  1.01167773]
   [-0.49993726 -0.4992896  -0.49859054]]]]
Convolution2==Surface0
[[[[-0.02601033  0.29420789 -0.07513271]
   [ 0.2698519   0.68465508  0.41730258]
   [-0.20378884  0.29975349  0.13841289]]

  [[-0.29175665 -0.02543899  0.3165741 ]
   [-0.19844878  0.07555589  0.42466499]
   [-0.26144669  0.01471645  0.35556564]]]]
Convolution3==Surface1
[[[[-0.25326232 -0.50424268 -0.2838915 ]
   [-0.33939135 -0.59546845 -0.37306717]
   [-0.2683818  -0.51412742 -0.30572125]]]]
Recurrent==Reconstruction
[[ 0.01128225  0.00163791  0.00123079 ...,  0.00205533  0.0019014
   0.00115124]
 [ 0.0012886   0.01164432  0.00123237 ...,  0.00206343  0.0019082
   0.0011541 ]
 [ 0.00130273  0.00164228  0.01121101 ...,  0.0020431   0.00188873
   0.00114395]
 ..., 
 [ 0.00113333  0.00140879  0.00100577 ...,  0.01196808  0.00203469
   0.00128339]
 [ 0.00124259  0.00156476  0.00115066 ...,  0.00187414  0.01185042
   0.00119971]
 [ 0.00128074  0.00161513  0.00120238 ...,  0.00195803  0.00179709
   0.01106163]][[ 0.01202664  0.00199562  0.00205808 ...,  0.00206125  0.00203916
   0.00208549]
 [ 0.00203512  0.01200384  0.00206682 ...,  0.00207028  0.00204789
   0.00209453]
 [ 0.00201717  0.00198643  0.01204826 ...,  0.00205108  0.00202937
   0.00207537]
 ..., 
 [ 0.00189217  0.00186387  0.00192047 ...,  0.01192154  0.00190307
   0.001946  ]
 [ 0.00198092  0.00195207  0.00200997 ...,  0.00200696  0.01198917
   0.00203457]
 [ 0.00199887  0.00196956  0.00202853 ...,  0.00202704  0.00200752
   0.01205273]]