Summary Report

Model Structure
| Input: 1x32x32
| | Convolution0==Kernel3x3==Line==1x32x32==2x32x32
| | | Convolution1==Kernel3x3==Shape==2x32x32==2x32x32
| | | | Convolution2==Kernel3x3==Surface0==2x32x32==1x32x32
| | | | | Convolution3==Kernel3x3==Surface1==1x32x32==1x32x32
| | | | | | Recurrent==Reconstruction==1024==1024
| | | | | | Out==Depth==MoveUp1

Functions
| Loss: MSE
| Activation: tanh
| Optimizer: Stochastic Gradient Descent

Parameters
| Epoch-15 Learning Rate-0.005 Momentum-0.9

Final Result
| Train Error: 0.0823837634453788
| Test Error: 0.09698735063348705

Weight
Convolution0==Line
[[[[-1.0120059   2.01904119 -1.02691664]
   [-1.02293772  2.01055611 -1.0357203 ]
   [-1.04881665  1.98551652 -1.05765979]]]


 [[[-0.94419415 -0.94314263 -0.9950811 ]
   [ 2.05909274  2.06110095  2.00831348]
   [-0.96112072 -0.95797155 -1.01013104]]]]
Convolution1==Shape
[[[[-0.59488491  0.96915037  0.46982386]
   [-0.59105761  0.97550428  0.47495736]
   [-0.58487914  0.98065081  0.47878067]]

  [[-0.55766529 -0.55906762 -0.56183374]
   [ 0.99633174  0.99771276  0.99621344]
   [ 0.46618817  0.46758682  0.46663856]]]


 [[[ 0.51086341  1.01392513 -0.48459256]
   [ 0.51111577  1.01421493 -0.48400166]
   [ 0.51096327  1.01447156 -0.4833722 ]]

  [[ 0.49814862  0.50171087  0.49900381]
   [ 0.99588006  0.99833108  0.99304053]
   [-0.50327087 -0.49914887 -0.50037011]]]]
Convolution2==Surface0
[[[[-0.05409304  0.21384612 -0.08011026]
   [ 0.16049182  0.52905104  0.34912114]
   [-0.20247264  0.26244216  0.18096662]]

  [[-0.38307631 -0.06182705  0.16727515]
   [-0.26783647  0.04404564  0.26267694]
   [-0.26024621  0.04303465  0.27291905]]]]
Convolution3==Surface1
[[[[-0.2974399  -0.33826148 -0.27222482]
   [-0.33606596 -0.38067035 -0.31202095]
   [-0.31314915 -0.35743201 -0.29339128]]]]
Recurrent==Reconstruction
[[ 0.00837536 -0.00231981 -0.00216999 ..., -0.00188997 -0.0015672
  -0.00075838]
 [-0.00169655  0.00764672 -0.00217324 ..., -0.00181848 -0.00149972
  -0.00071867]
 [-0.0017635  -0.00255667  0.00760165 ..., -0.00174806 -0.00143762
  -0.00067021]
 ..., 
 [-0.001398   -0.00207658 -0.00199695 ...,  0.00755797 -0.00200564
  -0.00097809]
 [-0.00140946 -0.00209674 -0.00201744 ..., -0.00243403  0.00799214
  -0.00097905]
 [-0.00144336 -0.00214545 -0.00207191 ..., -0.00204577 -0.00173861
   0.00909273]][[ 0.01126387  0.00140283  0.00129049 ...,  0.00130752  0.00124259
   0.00132605]
 [ 0.00119531  0.01133019  0.00122093 ...,  0.00123766  0.00117461
   0.00125582]
 [ 0.00114238  0.00128094  0.01117001 ...,  0.00118569  0.001121
   0.00120409]
 ..., 
 [ 0.00121449  0.0013481   0.00124083 ...,  0.01125429  0.0011923
   0.00127348]
 [ 0.00123213  0.0013675   0.00125866 ...,  0.00127242  0.01120956
   0.00129197]
 [ 0.00125197  0.00138937  0.00127925 ...,  0.00129499  0.00123089
   0.01131278]]