Summary Report

Model Structure
| Input: 1x32x32
| | Convolution0==Kernel3x3==Line==1x32x32==2x32x32
| | | Convolution1==Kernel3x3==Shape==2x32x32==2x32x32
| | | | Convolution2==Kernel3x3==Surface0==2x32x32==1x32x32
| | | | | Convolution3==Kernel3x3==Surface1==1x32x32==1x32x32
| | | | | | Recurrent==Reconstruction==1024==1024
| | | | | | Out==Depth==MoveUp1

Functions
| Loss: MSE
| Activation: tanh
| Optimizer: Stochastic Gradient Descent

Parameters
| Epoch-1 Learning Rate-0.005 Momentum-0.9

Final Result
| Train Error: 0.743718373526927
| Test Error: 0.7384247044893643

Weight
Convolution0==Line
[[[[-1.03753807  1.96281402 -1.03552591]
   [-1.0367308   1.9633653  -1.03522906]
   [-1.03293145  1.96677655 -1.03208774]]]


 [[[-1.03844233 -1.03654908 -1.03221446]
   [ 1.96141565  1.96313411  1.96728024]
   [-1.03698746 -1.0354656  -1.03155142]]]]
Convolution1==Shape
[[[[-0.49803419  0.99848542  0.50026056]
   [-0.49789038  0.99845251  0.50013714]
   [-0.49777011  0.99838881  0.50006511]]

  [[-0.49186737 -0.49169656 -0.49157156]
   [ 1.00632431  1.0061659   1.00607846]
   [ 0.50313293  0.50310367  0.50316013]]]


 [[[ 0.49873596  1.00035286 -0.49963186]
   [ 0.49874243  1.00039083 -0.49972952]
   [ 0.49885987  1.00039383 -0.49981731]]

  [[ 0.50074874  0.50068737  0.50080165]
   [ 1.00141488  1.0014917   1.0017541 ]
   [-0.49824181 -0.49835462 -0.49836426]]]]
Convolution2==Surface0
[[[[ 0.13207911  0.2237424  -0.06897701]
   [ 0.22715862  0.41740878  0.22541212]
   [-0.06707695  0.22358313  0.13089347]]

  [[-0.06914808  0.02378467  0.22052849]
   [-0.07466184  0.01854118  0.21467607]
   [-0.07635525  0.01754129  0.21374994]]]]
Convolution3==Surface1
[[[[-0.20402525 -0.20218641 -0.21212465]
   [-0.20071117 -0.19823997 -0.20847374]
   [-0.20795397 -0.20568751 -0.21526271]]]]
Recurrent==Reconstruction
[[ 0.09916276 -0.00120219 -0.00119053 ..., -0.0010579  -0.00098602
  -0.00063755]
 [-0.00088582  0.09874148 -0.00124346 ..., -0.00105485 -0.00098546
  -0.00064005]
 [-0.0009049  -0.00128848  0.09872581 ..., -0.00108111 -0.00100923
  -0.00065364]
 ..., 
 [-0.00079779 -0.00115199 -0.0011484  ...,  0.09882001 -0.00107217
  -0.00067747]
 [-0.00081533 -0.00117789 -0.00117158 ..., -0.00114378  0.09894462
  -0.00067378]
 [-0.00084568 -0.00122659 -0.00121427 ..., -0.00109731 -0.00103276
   0.0993286 ]][[ 0.10070346  0.00064986  0.00056007 ...,  0.00054599  0.00057841
   0.00051327]
 [ 0.00072046  0.10066553  0.00057806 ...,  0.00057007  0.00060225
   0.00053956]
 [ 0.00073509  0.00067824  0.10058721 ...,  0.00057887  0.00061218
   0.00054682]
 ..., 
 [ 0.00068688  0.00063336  0.00054417 ...,  0.10051468  0.00055236
   0.0004947 ]
 [ 0.00070234  0.0006473   0.00055614 ...,  0.00053195  0.10056795
   0.00050736]
 [ 0.00069995  0.0006425   0.00054535 ...,  0.00052955  0.00056411
   0.10049323]]