Summary Report

Model Structure
| Input: 1x32x32
| | Convolution0==Kernel3x3==Line==1x32x32==2x32x32
| | | Convolution1==Kernel3x3==Shape==2x32x32==2x32x32
| | | | Convolution2==Kernel3x3==Surface0==2x32x32==1x32x32
| | | | | Convolution3==Kernel3x3==Surface1==1x32x32==1x32x32
| | | | | | Recurrent==Reconstruction==1024==1024
| | | | | | Out==Depth==MoveUp1

Functions
| Loss: MSE
| Activation: tanh
| Optimizer: Stochastic Gradient Descent

Parameters
| Epoch-8 Learning Rate-0.005 Momentum-0.9

Final Result
| Train Error: 0.14780401062265938
| Test Error: 0.14493313538286137

Weight
Convolution0==Line
[[[[-1.02961444  1.97738084 -1.02625249]
   [-1.04162971  1.96483669 -1.03888515]
   [-1.04207124  1.96322201 -1.04186761]]]


 [[[-1.02071357 -1.02574594 -1.02892911]
   [ 1.98312697  1.97774529  1.97386034]
   [-1.02098689 -1.0264878  -1.03134052]]]]
Convolution1==Shape
[[[[-0.52978526  0.99809369  0.49411728]
   [-0.52700055  1.00030389  0.49629274]
   [-0.52443365  1.00283553  0.49885756]]

  [[-0.53002415 -0.52760086 -0.52490007]
   [ 0.99868895  1.0001128   1.00246488]
   [ 0.49507673  0.49736116  0.49972474]]]


 [[[ 0.49726469  1.00413856 -0.50299733]
   [ 0.49713997  1.00389514 -0.50309631]
   [ 0.49759266  1.00398763 -0.50323322]]

  [[ 0.49328129  0.49256663  0.49421598]
   [ 0.99556774  0.99531878  0.99763099]
   [-0.50659325 -0.50723625 -0.50577567]]]]
Convolution2==Surface0
[[[[ 0.03364102  0.20365334 -0.10660664]
   [ 0.22322539  0.48965247  0.27813718]
   [-0.11933754  0.24472243  0.13268963]]

  [[-0.20909999 -0.05832097  0.15068634]
   [-0.15777825 -0.00912091  0.2017281 ]
   [-0.16860309 -0.01681692  0.19357848]]]]
Convolution3==Surface1
[[[[-0.14467661 -0.17319443 -0.20994935]
   [-0.15479789 -0.17966124 -0.21710721]
   [-0.19570574 -0.22008324 -0.25528178]]]]
Recurrent==Reconstruction
[[ 0.09891717 -0.00131362 -0.00141284 ..., -0.00105534 -0.00122372
  -0.00105854]
 [-0.00111988  0.09865799 -0.00142962 ..., -0.00102289 -0.0011897
  -0.00103021]
 [-0.00114151 -0.00136648  0.09854325 ..., -0.00104211 -0.00120863
  -0.00104514]
 ..., 
 [-0.00090678 -0.00110959 -0.00122456 ...,  0.09873391 -0.00140865
  -0.0011534 ]
 [-0.00097176 -0.00117896 -0.00127978 ..., -0.0012056   0.09860717
  -0.00117688]
 [-0.00099903 -0.00121098 -0.00130763 ..., -0.00109427 -0.00132779
   0.09883342]][[ 0.10105674  0.00117614  0.00090763 ...,  0.00138947  0.00110006
   0.00106135]
 [ 0.00102815  0.10114362  0.00088193 ...,  0.00135591  0.00107332
   0.00103637]
 [ 0.00106097  0.00117888  0.10091224 ...,  0.00139483  0.00110699
   0.0010689 ]
 ..., 
 [ 0.0008528   0.00096274  0.0007131  ...,  0.10114749  0.00088127
   0.00085101]
 [ 0.00095919  0.0010759   0.00081513 ...,  0.00126982  0.10098987
   0.00095517]
 [ 0.00097632  0.00109554  0.00083096 ...,  0.00130041  0.00101301
   0.10097369]]