Summary Report

Model Structure
| Input: 1x32x32
| | Convolution0==Kernel3x3==Line==1x32x32==2x32x32
| | | Convolution1==Kernel3x3==Shape==2x32x32==2x32x32
| | | | Convolution2==Kernel3x3==Surface0==2x32x32==1x32x32
| | | | | Convolution3==Kernel3x3==Surface1==1x32x32==1x32x32
| | | | | | Recurrent==Reconstruction==1024==1024
| | | | | | Out==Depth==MoveUp1

Functions
| Loss: MSE
| Activation: tanh
| Optimizer: Stochastic Gradient Descent

Parameters
| Epoch-15 Learning Rate-0.005 Momentum-0.9

Final Result
| Train Error: 0.09825295660259498
| Test Error: 0.12017849990914135

Weight
Convolution0==Line
[[[[-1.00982253  2.02351716 -1.00370548]
   [-1.05059457  1.98564345 -1.03692238]
   [-1.06038097  1.9749914  -1.04734424]]]


 [[[-0.9835734  -0.99583946 -1.01510453]
   [ 2.03279523  2.02280247  2.00661157]
   [-0.99401676 -1.00104347 -1.01603342]]]]
Convolution1==Shape
[[[[-0.59292117  1.00428155  0.4815003 ]
   [-0.5930375   1.00587334  0.48262202]
   [-0.5868301   1.01105824  0.48717776]]

  [[-0.58948013 -0.59024061 -0.59245376]
   [ 1.00850558  1.01201648  1.01207329]
   [ 0.50820585  0.51197767  0.51128589]]]


 [[[ 0.49892273  1.02650474 -0.47957829]
   [ 0.49831025  1.02640762 -0.47618913]
   [ 0.4991407   1.02734348 -0.47631976]]

  [[ 0.48114693  0.48039708  0.48359062]
   [ 0.99167819  0.98995306  0.99481728]
   [-0.51419098 -0.51185431 -0.50850121]]]]
Convolution2==Surface0
[[[[-0.08098581  0.21584472 -0.09500324]
   [ 0.28204155  0.69048667  0.47217627]
   [-0.19068491  0.2981839   0.19867755]]

  [[-0.44187407 -0.25626098  0.06930308]
   [-0.25223404 -0.08809226  0.24929214]
   [-0.23608099 -0.07597987  0.26582118]]]]
Convolution3==Surface1
[[[[-0.10326145 -0.24611791 -0.36707291]
   [-0.1034593  -0.23984081 -0.36167379]
   [-0.33851423 -0.47576285 -0.59543455]]]]
Recurrent==Reconstruction
[[ 0.09824254 -0.00209821 -0.00217089 ..., -0.00161528 -0.00169535
  -0.00134643]
 [-0.00186864  0.09780154 -0.00224979 ..., -0.00158969 -0.00166931
  -0.00132534]
 [-0.0018523  -0.0021836   0.097753   ..., -0.00157586 -0.00165673
  -0.00131602]
 ..., 
 [-0.001565   -0.00185338 -0.00194318 ...,  0.0977681  -0.00225509
  -0.00163377]
 [-0.00162271 -0.00194238 -0.00201711 ..., -0.00203389  0.09793664
  -0.00157003]
 [-0.00160312 -0.0019224  -0.00199031 ..., -0.00178373 -0.00192154
   0.09847321]][[ 0.10168707  0.00160886  0.00166173 ...,  0.00176473  0.00151465
   0.00180146]
 [ 0.00168892  0.10161061  0.00166294 ...,  0.00176887  0.00152213
   0.00180602]
 [ 0.0016668   0.00158897  0.1016403  ...,  0.00174635  0.0015015
   0.00178291]
 ..., 
 [ 0.00143991  0.00136575  0.0014153  ...,  0.10149846  0.0012678
   0.00154465]
 [ 0.00158245  0.00150461  0.0015569  ...,  0.00164815  0.10140153
   0.00169185]
 [ 0.00152472  0.00144867  0.00150028 ...,  0.0015977   0.00135211
   0.10163274]]